1911 5
1911 5
1911 5
1911 6
1910 6
1910 7
1910 7
1910 8
1909 8
1909 9
1909 9
1909 9
1909 9
1908 10
1908 10
1908 10
1908 11
1908 11
1908 12
1907 12
1907 12
1907 12
1907 12
1907 12
1907 13
1906 13
1906 14
1906 14
1906 15
1905 15
1905 16
1905 16
1905 16
1904 17
1904 17
1904 18
1904 18
1903 19
1903 19
1903 20
1903 20
1903 20
1902 21
1902 21
1902 22
1902 22
1901 23
1901 23
1901 23
1901 24
1900 24
1900 25
1900 25
1900 26
1899 26
1899 27
1899 27
1899 27
1899 28
1899 28
1899 28
1898 29
1898 29
1898 29
1897 30
1897 30
1897 31
1896 31
1896 31
1896 32
1895 32
1895 32
1895 33
1894 33
1894 34
1894 34
1893 34
1893 35
1893 35
1892 35
1892 36
1892 36
1891 37
1891 37
1891 37
1890 38
1890 38
1890 38
1890 39
1890 39
1890 40
1890 40
1890 40
1890 40
1889 41
1889 41
1889 41
1889 41
1889 42
1888 42
1888 43
1888 43
1888 44
1887 44
1887 44
1887 45
1887 45
1886 46
1886 46
1886 46
1886 47
1885 47
1885 48
1885 48
1885 49
1884 49
1884 49
1884 50
1884 50
1883 51
1883 51
1883 51
1883 52
1883 52
1883 53
1883 53
1883 53
1883 53
1882 54
1882 54
1882 55
1882 55
1881 55
1881 56
1881 56
1881 57
1880 57
1880 57
1880 58
1880 58
1879 59
1879 59
1879 59
1879 59
1879 60
1878 60
1878 61
1878 61
1878 61
1878 62
1877 62
1877 63
1877 63
1877 64
1876 64
1876 65
1876 65
1876 65
1875 66
1875 66
1875 67
1875 67
1875 68
1874 68
1874 69
1874 69
1874 69
1873 70
1873 70
1873 71
1873 71
1872 72
1872 72
1872 72
1872 73
1871 73
1871 74
1871 74
1871 75
1871 75
1870 76
1870 76
1870 76
1870 77
1869 77
1869 78
1869 78
1869 79
1868 79
1868 80
1868 80
1868 80
1868 81
1868 81
1868 81
1867 82
1867 82
1867 82
1867 83
1867 83
1867 83
1867 83
1867 84
1866 84
1866 85
1866 85
1866 86
1866 86
1866 87
1865 87
1865 88
1865 88
1865 88
1865 89
1864 89
1864 90
1864 90
1864 91
1864 91
1864 92
1863 92
1863 93
1863 93
1863 93
1863 94
1862 94
1862 95
1862 95
1862 96
1862 96
1862 97
1861 97
1861 98
1861 98
1861 98
1861 99
1860 99
1860 100
1860 100
1860 101
1860 101
1860 102
1859 102
1859 103
1859 103
1859 103
1859 103
1858 104
1858 104
1858 104
1858 104
1858 105
1858 105
1858 106
1857 106
1857 107
1857 107
1857 108
1857 108
1857 109
1856 109
1856 110
1856 110
1856 110
1856 111
1855 111
1855 112
1855 112
1855 113
1855 113
1854 114
1854 114
1854 115
1854 115
1854 115
1853 116
1853 116
1853 117
1853 117
1853 118
1852 118
1852 119
1852 119
1852 119
1852 120
1852 120
1851 120
1851 121
1851 121
1851 121
1851 122
1850 122
1850 123
1850 123
1850 123
1850 124
1850 124
1850 125
1849 125
1849 125
1849 125
1848 126
1848 126
1848 126
1848 126
1848 127
1847 127
1847 128
1847 128
1847 128
1847 128
1847 128
1847 128
1847 129
1846 129
1846 130
1846 130
1846 131
1845 131
1845 132
1845 132
1845 132
1845 132
1845 133
1844 133
1844 134
1844 134
1844 134
1844 135
1844 135
1844 136
1843 136
1843 137
1843 137
1843 137
1843 138
1843 138
1842 138
1842 138
1841 138
1841 139
1841 139
1841 140
1841 140
1840 141
1840 141
1840 142
1840 142
1840 142
1840 143
1839 143
1839 144
1839 144
1839 145
1838 145
1838 146
1838 146
1838 147
1838 147
1838 147
1838 148
1838 148
1838 148
1837 149
1837 149
1837 149
1837 149
1836 150
1836 150
1836 150
1836 151
1836 151
1835 151
1835 152
1835 152
1835 153
1835 153
1835 153
1834 154
1834 154
1834 154
1834 154
1834 155
1833 155
1833 156
1833 156
1833 157
1833 157
1833 158
1832 158
1832 159
1832 159
1832 159
1832 159
1831 160
1831 160
1831 161
1831 161
1830 161
1830 162
1830 162
1830 163
1829 163
1829 163
1829 164
1829 164
1828 165
1828 165
1828 165
1828 166
1828 166
1828 167
1828 167
1827 168
1827 168
1827 168
1827 169
1827 169
1827 170
1826 170
1826 171
1826 171
1826 172
1826 172
1826 173
1826 173
1826 173
1826 174
1825 174
1825 175
1825 175
1825 176
1825 176
1824 176
1824 176
1823 176
1823 177
1823 177
1823 178
1823 178
1822 178
1822 178
1822 179
1821 179
1821 180
1821 180
1821 181
1821 181
1820 182
1820 182
1820 182
1820 183
1820 183
1819 184
1819 184
1819 185
1819 185
1819 185
1818 186
1818 186
1818 187
1818 187
1818 188
1817 188
1817 189
1817 189
1817 189
1816 189
1816 190
1816 190
1816 191
1816 191
1816 191
1816 192
1815 192
1815 193
1815 193
1815 193
1815 194
1815 194
1815 195
1814 195
1814 195
1814 196
1814 196
1814 196
1813 197
1813 197
1813 197
1813 197
1814 198
1814 198
1814 198
1814 199
1813 199
1813 199
1813 200
1813 200
1813 200
1812 201
1812 201
1812 201
1812 202
1812 202
1812 202
1811 203
1811 203
1810 203
1810 204
1810 204
1810 204
1810 205
1809 205
1809 206
1809 206
1809 207
1809 207
1809 208
1808 208
1808 209
1808 209
1808 210
1807 210
1807 210
1807 211
1807 211
1806 212
1806 212
1806 213
1806 213
1805 213
1805 214
1805 214
1805 215
1804 215
1804 216
1804 216
1803 216
1803 217
1803 217
1803 218
1803 218
1803 219
1803 219
1802 219
1802 220
1802 220
1802 220
1802 221
1801 221
1801 222
1801 222
1801 223
1800 223
1800 224
1800 224
1800 224
1800 225
1799 225
1799 226
1799 226
1799 227
1798 227
1798 228
1798 228
1798 229
1798 229
1797 229
1797 230
1797 230
1797 231
1796 231
1796 232
1796 232
1796 233
1796 233
1795 233
1795 233
1795 233
1795 233
1796 234
1796 234
1795 234
1795 234
1794 235
1794 235
1794 235
1794 236
1794 236
1794 236
1794 236
1793 237
1793 237
1793 237
1793 238
1792 238
1792 239
1792 239
1792 240
1792 240
1792 241
1792 241
1792 241
1791 241
1791 242
1791 242
1791 243
1790 243
1790 244
1790 244
1790 245
1790 245
1789 245
1789 246
1789 246
1789 247
1788 247
1788 248
1788 248
1788 249
1788 249
1787 249
1787 250
1787 250
1787 250
1787 251
1787 251
1787 252
1786 252
1786 253
1786 253
1786 254
1786 254
1786 254
1787 253
1787 253
1787 253
1787 253
1786 254
1786 254
1786 254
1785 255
1785 255
1785 255
1784 256
1784 256
1784 256
1785 257
1785 257
1785 257
1785 257
1785 258
1785 258
1784 259
1784 259
1784 260
1784 260
1784 260
1783 261
1783 261
1783 261
1782 261
1782 262
1781 262
1781 262
1781 263
1781 263
1781 264
1780 264
1780 264
1780 265
1780 265
1780 266
1779 266
1779 267
1779 267
1779 268
1779 268
1778 269
1778 269
1778 270
1777 270
1777 270
1777 271
1777 271
1776 271
1776 272
1776 272
1775 273
1775 273
1775 274
1775 274
1775 274
1775 275
1774 275
1774 276
1774 276
1774 277
1773 277
1773 277
1773 277
1773 277
1773 277
1774 278
1774 278
1773 278
1773 278
1772 279
1772 279
1772 279
1772 280
1772 280
1772 281
1772 281
1772 281
1772 282
1771 282
1771 283
1771 283
1771 284
1770 284
1770 284
1769 285
1769 285
1769 285
1769 285
1769 286
1768 286
1768 287
1768 287
1768 288
1767 288
1767 289
1767 289
1767 289
1767 290
1767 290
1766 291
1766 291
1766 292
1766 292
1766 293
1765 293
1765 294
1765 294
1765 294
1765 294
1765 295
1765 295
1764 296
1764 296
1764 297
1764 297
1764 297
1764 297
1763 298
1763 298
1763 298
1763 298
1764 299
1764 299
1764 299
1763 299
1763 299
1763 299
1763 299
1763 300
1762 300
1762 301
1762 301
1762 301
1762 302
1762 302
1761 302
1761 303
1761 303
1761 304
1761 304
1761 304
1760 305
1760 305
1760 305
1760 306
1760 306
1760 307
1760 307
1760 308
1760 308
1759 308
1759 308
1759 309
1759 309
1759 309
1758 310
1758 310
1758 310
1758 311
1758 311
1758 312
1757 312
1757 312
1757 313
1757 313
1757 313
1756 314
1756 314
1756 314
1756 314
1756 315
1756 315
1756 316
1755 316
1755 317
1755 317
1755 318
1755 318
1754 318
1754 319
1754 319
1754 319
1753 319
1753 319
1754 320
1754 320
1754 320
1754 320
1754 320
1754 321
1753 321
1753 322
1753 322
1753 323
1753 323
1752 324
1752 324
1752 325
1752 325
1752 325
1751 326
1751 326
1751 327
1751 327
1751 328
1750 328
1750 329
1750 329
1750 330
1750 330
1749 330
1749 331
1749 331
1749 332
1749 332
1748 333
1748 333
1748 334
1748 334
1748 335
1747 335
1747 335
1747 336
1747 336
1746 337
1746 337
1746 338
1746 338
1746 339
1745 339
1745 339
1745 340
1745 340
1745 341
1744 341
1744 342
1744 342
1744 343
1744 343
1743 344
1743 344
1743 344
1743 345
1743 345
1742 346
1742 346
1742 347
1742 347
1742 348
1741 348
1741 349
1741 349
1741 349
1740 349
1740 349
1739 349
1739 350
1739 350
1739 350
1738 351
1738 351
1738 352
1738 352
1738 352
1738 353
1738 353
1738 354
1738 354
1737 355
1737 355
1737 356
1737 356
1737 357
1737 357
1736 357
1736 358
1736 358
1736 359
1736 359
1736 360
1735 360
1735 361
1735 361
1735 361
1734 361
1734 362
1734 362
1734 363
1734 363
1734 363
1733 364
1733 364
1733 364
1733 365
1733 365
1732 365
1732 366
1732 366
1732 366
1732 367
1731 367
1731 368
1731 368
1731 368
1731 369
1731 369
1731 370
1730 370
1730 370
1730 371
1730 371
1730 371
1729 372
1729 372
1729 372
1729 373
1729 373
1729 373
1729 374
1729 374
1729 375
1728 375
1728 376
1728 376
1728 377
1728 377
1728 377
1728 378
1727 378
1727 379
1727 379
1727 379
1727 380
1727 380
1726 380
1726 380
1725 380
1725 380
1725 381
1724 381
1724 382
1724 382
1724 383
1723 383
1723 383
1723 384
1723 384
1723 385
1722 385
1722 386
1722 386
1722 387
1722 387
1721 387
1721 388
1721 388
1721 389
1720 389
1720 390
1720 390
1720 390
1720 390
1720 390
1719 391
1719 391
1719 391
1719 392
1719 392
1719 392
1718 393
1718 393
1718 393
1718 394
1717 394
1717 395
1717 395
1717 396
1716 396
1716 396
1716 397
1716 397
1715 398
1715 398
1715 398
1715 398
1715 398
1714 398
1714 399
1713 399
1713 399
1713 399
1713 400
1713 400
1713 400
1712 401
1712 401
1712 401
1712 402
1712 402
1711 402
1711 403
1711 403
1711 404
1711 404
1711 405
1711 405
1711 405
1711 405
1710 406
1710 406
1710 406
1710 407
1710 407
1709 407
1709 407
1710 408
1710 408
1710 408
1710 409
1710 409
1710 409
1709 410
1709 410
1709 410
1709 411
1709 411
1708 411
1708 412
1708 412
1708 413
1707 413
1707 414
1707 414
1707 415
1707 415
1707 415
1706 414
1706 414
1706 415
1706 415
1706 416
1706 416
1706 417
1706 417
1706 417
1705 416
1705 416
1705 417
1705 417
1705 418
1705 418
1705 418
1705 419
1704 419
1704 419
1704 420
1704 420
1704 421
1703 421
1703 422
1703 422
1703 423
1702 423
1702 423
1702 424
1702 424
1702 424
1702 424
1701 425
1701 425
1701 426
1701 426
1701 427
1700 427
1700 427
1700 428
1700 428
1699 428
1699 428
1699 429
1699 429
1699 430
1698 430
1698 430
1698 431
1698 431
1698 431
1697 432
1697 432
1697 432
1697 433
1697 433
1696 433
1696 434
1696 434
1696 435
1696 435
1696 436
1696 436
1696 436
1696 436
1695 437
1695 437
1695 437
1695 438
1695 438
1695 438
1694 437
1694 437
1694 438
1694 438
1694 439
1693 439
1693 440
1693 440
1693 441
1693 441
1692 441
1692 442
1692 442
1692 443
1691 443
1691 444
1691 444
1691 445
1691 445
1690 445
1690 446
1690 446
1690 447
1689 447
1689 448
1689 448
1689 449
1688 449
1688 449
1688 450
1688 450
1688 450
1688 451
1687 451
1687 452
1687 452
1686 452
1686 453
1686 453
1686 454
1685 454
1685 454
1685 455
1685 455
1685 455
1684 456
1684 456
1684 456
1684 456
1684 456
1684 457
1684 457
1683 458
1683 458
1683 458
1683 458
1683 459
1682 459
1682 460
1682 460
1682 461
1681 461
1681 462
1681 462
1681 462
1681 463
1680 463
1680 464
1680 464
1680 465
1679 465
1679 466
1679 466
1679 466
1679 467
1678 467
1678 468
1678 468
1678 469
1677 469
1677 470
1677 470
1677 470
1677 471
1676 471
1676 472
1676 472
1676 473
1675 473
1675 474
1675 474
1675 474
1675 475
1674 475
1674 476
1674 476
1674 477
1673 477
1673 478
1673 478
1673 478
1673 479
1672 479
1672 480
1672 480
1672 481
1671 481
1671 482
1671 482
1671 482
1671 483
1670 483
1670 484
1670 484
1670 485
1669 485
1669 486
1669 486
1669 486
1669 486
1668 487
1668 487
1668 487
1668 488
1668 488
1668 488
1667 489
1667 489
1667 489
1667 489
1667 490
1666 490
1666 491
1666 491
1666 491
1666 491
1665 491
1665 491
1666 492
1666 492
1666 492
1666 493
1665 493
1665 494
1665 494
1665 495
1664 495
1664 495
1664 496
1664 496
1664 496
1663 497
1663 497
1663 497
1663 498
1663 498
1663 498
1662 498
1662 499
1661 499
1661 499
1661 500
1661 500
1661 501
1661 501
1661 501
1660 502
1660 502
1660 502
1660 503
1660 503
1659 503
1659 503
1659 504
1658 504
1658 505
1658 505
1658 505
1658 505
1658 506
1658 506
1658 506
1657 507
1657 507
1657 507
1657 508
1657 508
1657 508
1657 509
1656 509
1656 510
1656 510
1656 511
1655 511
1655 511
1655 512
1655 512
1654 513
1654 513
1654 514
1654 514
1653 514
1653 515
1653 515
1653 516
1652 516
1652 517
1652 517
1652 517
1652 518
1651 518
1651 519
1651 519
1651 520
1650 520
1650 520
1650 521
1650 521
1649 522
1649 522
1649 523
1649 523
1648 523
1648 524
1648 524
1648 525
1647 525
1647 526
1647 526
1646 526
1646 526
1646 526
1646 527
1645 527
1645 528
1645 528
1645 529
1645 529
1645 530
1644 530
1644 531
1644 531
1644 531
1644 531
1644 530
1645 530
1645 529
1645 529
1645 528
1646 528
1646 528
1646 527
1646 527
1647 526
1647 526
1647 525
1647 525
1648 525
1648 524
1648 524
1648 523
1648 523
1649 522
1649 522
1649 521
1649 521
1650 521
1650 520
1650 520
1650 519
1651 519
1651 518
1651 518
1651 518
1651 518
1650 519
1650 519
1650 519
1650 520
1650 520
1649 520
1649 520
1649 521
1648 521
1648 522
1648 522
1648 523
1647 523
1647 524
1647 524
1647 524
1647 525
1646 525
1646 526
1646 526
1646 527
1646 527
1645 527
1645 528
1645 528
1645 529
1644 529
1644 530
1644 530
1644 531
1644 531
1643 531
1643 532
1643 532
1643 533
1642 533
1642 534
1642 534
1642 534
1642 534
1643 533
1643 533
1643 532
1643 532
1644 532
1644 531
1644 531
1644 530
1645 530
1645 529
1645 529
1646 529
1646 528
1646 528
1646 527
1647 527
1647 527
1647 526
1648 526
1648 525
1648 525
1648 524
1649 524
1649 524
1649 523
1649 523
1650 522
1650 522
1649 522
1649 522
1649 522
1649 522
1649 522
1648 523
1648 523
1648 523
1648 523
1648 524
1647 524
1647 525
1647 525
1647 526
1646 526
1646 527
1646 527
1646 527
1645 528
1645 528
1645 529
1645 529
1644 530
1644 530
1644 531
1644 531
1644 531
1643 532
1643 532
1643 533
1643 533
1642 534
1642 534
1642 534
1642 535
1641 535
1641 536
1641 536
1641 537
1640 537
1640 538
1640 538
1640 538
1640 538
1641 537
1641 537
1641 536
1641 536
1642 535
1642 535
1642 535
1642 534
1643 534
1643 533
1643 533
1643 533
1644 532
1644 532
1644 531
1644 531
1645 530
1645 530
1645 530
1645 529
1646 529
1646 528
1646 528
1646 528
1647 527
1647 527
1647 526
1647 526
1648 525
1648 525
1648 525
1647 526
1647 526
1647 527
1647 527
1646 527
1646 528
1646 528
1646 529
1645 529
1645 530
1645 530
1645 530
1644 531
1644 531
1644 532
1644 532
1643 532
1643 533
1643 533
1642 534
1642 534
1642 534
1642 535
1641 535
1641 536
1641 536
1641 537
1640 537
1640 537
1640 538
1640 538
1639 539
1639 539
1639 539
1639 539
1639 540
1639 540
1639 541
1638 541
1638 542
1638 542
1638 543
1638 543
1638 543
1638 543
1638 544
1637 544
1637 545
1637 545
1637 545
1636 546
1636 546
1635 546
1635 546
1635 546
1636 545
1636 545
1636 544
1636 544
1637 544
1637 543
1637 543
1637 542
1638 542
1638 542
1638 541
1638 541
1639 540
1639 540
1639 540
1639 540
1639 541
1638 541
1638 542
1638 542
1638 542
1637 543
1637 543
1637 543
1637 544
1636 544
1636 544
1636 544
1636 545
1636 545
1635 546
1635 546
1635 547
1635 547
1635 547
1635 547
1635 547
1634 548
1634 548
1634 548
1634 548
1634 549
1633 549
1633 550
1633 550
1633 551
1632 551
1632 552
1632 552
1632 552
1632 553
1631 553
1631 554
1631 554
1631 555
1631 555
1630 555
1630 556
1630 556
1630 557
1629 557
1629 558
1629 558
1629 559
1629 559
1628 559
1628 560
1628 560
1628 561
1627 561
1627 562
1627 562
1627 562
1627 562
1627 561
1628 561
1628 560
1628 560
1628 559
1629 559
1629 558
1629 558
1629 558
1629 557
1630 557
1630 556
1630 556
1630 555
1631 555
1631 554
1631 554
1631 554
1631 553
1632 553
1632 552
1632 552
1632 551
1633 551
1633 550
1633 550
1633 550
1633 551
1633 551
1632 551
1632 552
1632 552
1632 552
1632 553
1631 553
1631 554
1631 554
1631 555
1630 555
1630 555
1630 556
1630 556
1629 557
1629 557
1629 558
1629 558
1628 558
1628 559
1628 559
1628 560
1628 560
1627 561
1627 561
1627 561
1627 562
1626 562
1626 563
1626 563
1626 564
1625 564
1625 565
1625 565
1625 565
1624 566
1624 566
1624 567
1624 567
1624 568
1623 568
1623 568
1623 569
1623 569
1622 570
1622 570
1622 571
1622 571
1621 571
1621 572
1621 572
1621 573
1620 573
1620 574
1620 574
1620 574
1620 574
1620 574
1619 575
1619 575
1619 575
1619 576
1619 576
1618 577
1618 577
1618 578
1618 578
1618 578
1618 578
1618 578
1618 579
1618 579
1618 580
1617 580
1617 581
1617 581
1617 582
1617 582
1616 582
1616 582
1616 583
1616 583
1616 583
1615 584
1615 584
1615 584
1615 585
1615 585
1614 585
1614 585
1614 585
1614 586
1613 586
1613 587
1613 587
1613 588
1613 588
1612 588
1612 589
1612 589
1612 590
1611 590
1611 591
1611 591
1611 592
1610 592
1610 592
1610 593
1610 593
1610 594
1610 594
1610 594
1610 594
1609 595
1609 595
1609 595
1609 596
1609 596
1608 596
1608 597
1608 597
1608 597
1608 597
1608 597
1607 598
1607 598
1607 598
1607 599
1607 599
1606 599
1606 600
1606 600
1606 601
1605 601
1605 602
1605 602
1605 602
1605 602
1604 603
1604 603
1604 603
1604 604
1604 604
1604 604
1603 605
1603 605
1603 605
1603 606
1603 606
1602 606
1602 607
1602 607
1602 608
1602 608
1602 608
1602 608
1602 608
1602 608
1601 609
1601 609
1601 609
1601 609
1601 610
1600 610
1600 611
1600 611
1600 612
1599 612
1599 613
1599 613
1599 613
1599 613
1599 614
1598 614
1598 615
1598 615
1598 615
1598 616
1598 616
1598 616
1597 617
1597 617
1597 617
1597 618
1597 618
1597 618
1597 618
1596 619
1596 619
1596 619
1596 620
1596 620
1595 620
1595 620
1595 620
1595 621
1594 621
1594 622
1594 622
1594 623
1593 623
1593 624
1593 624
1593 624
1593 624
1592 625
1592 625
1592 625
1592 626
1592 626
1592 627
1591 627
1591 627
1591 628
1591 628
1591 628
1590 629
1590 629
1590 629
1590 630
1590 630
1590 631
1590 631
1590 631
1590 631
1589 632
1589 632
1589 632
1589 632
1589 632
1588 632
1588 633
1588 633
1588 634
1587 634
1587 634
1587 635
1587 635
1587 635
1587 636
1586 636
1586 637
1586 637
1586 637
1586 638
1586 638
1586 639
1586 639
1585 638
1585 638
1585 638
1585 639
1585 639
1585 639
1584 640
1584 640
1584 640
1584 641
1584 641
1584 642
1584 642
1584 642
1583 642
1583 642
1583 642
1583 643
1582 643
1582 644
1582 644
1582 645
1582 645
1582 646
1582 646
1581 646
1581 646
1581 647
1581 647
1581 648
1581 648
1581 649
1580 649
1580 650
1580 650
1580 651
1579 651
1579 651
1579 652
1579 652
1578 653
1578 653
1578 654
1578 654
1577 654
1577 655
1577 655
1577 656
1576 656
1576 657
1576 657
1576 657
1575 658
1575 658
1575 659
1575 659
1574 660
1574 660
1574 660
1574 661
1573 661
1573 662
1573 662
1573 662
1572 663
1572 663
1572 664
1572 664
1571 665
1571 665
1571 665
1571 666
1570 666
1570 667
1570 667
1570 668
1569 668
1569 668
1569 669
1569 669
1568 670
1568 670
1568 671
1568 671
1567 671
1567 672
1567 672
1567 673
1566 673
1566 674
1566 674
1566 674
1566 674
1566 674
1566 675
1566 675
1565 676
1565 676
1565 677
1565 677
1565 678
1565 678
1564 679
1564 679
1564 680
1564 680
1563 680
1563 681
1563 681
1563 682
1562 682
1562 682
1562 683
1562 683
1562 683
1561 684
1561 684
1561 684
1560 685
1560 685
1560 685
1560 685
1560 686
1559 686
1559 687
1559 687
1559 687
1559 687
1559 687
1559 688
1558 688
1558 689
1558 689
1558 690
1557 690
1557 690
1557 691
1557 691
1556 692
1556 692
1556 693
1556 693
1555 693
1555 694
1555 694
1555 695
1554 695
1554 696
1554 696
1554 697
1553 697
1553 697
1553 698
1553 698
1552 699
1552 699
1552 700
1552 700
1551 700
1551 701
1551 701
1551 702
1550 702
1550 703
1550 703
1550 703
1549 704
1549 704
1549 705
1549 705
1548 706
1548 706
1548 706
1548 706
1548 707
1548 707
1548 707
1547 708
1547 708
1547 708
1547 709
1547 709
1547 709
1546 710
1546 710
1546 711
1546 711
1546 712
1545 712
1545 713
1545 713
1545 714
1544 714
1544 714
1544 714
1544 715
1543 715
1543 716
1543 716
1543 717
1542 717
1542 718
1542 718
1542 718
1542 719
1541 719
1541 720
1541 720
1541 721
1540 721
1540 722
1540 722
1540 722
1540 723
1539 723
1539 724
1539 724
1539 725
1538 725
1538 726
1538 726
1538 726
1538 727
1537 727
1537 728
1537 728
1537 729
1536 729
1536 730
1536 730
1536 730
1536 731
1536 731
1536 731
1535 731
1535 731
1534 731
1534 732
1534 732
1534 732
1535 733
1535 733
1534 733
1534 734
1534 734
1534 734
1534 734
1534 735
1534 735
1534 736
1533 736
1533 737
1533 737
1533 738
1533 738
1532 738
1532 739
1532 739
1532 739
1532 739
1531 739
1531 740
1530 740
1530 740
1530 740
1530 741
1530 741
1530 741
1529 742
1529 742
1529 742
1529 743
1529 743
1528 743
1529 743
1529 743
1529 744
1528 744
1528 745
1528 745
1528 745
1528 745
1528 746
1527 746
1527 747
1527 747
1527 748
1526 748
1526 749
1526 749
1526 749
1525 750
1525 750
1525 750
1525 750
1524 750
1524 750
1524 751
1524 751
1524 751
1523 752
1523 752
1523 752
1523 752
1523 753
1522 753
1522 754
1522 754
1522 755
1522 755
1522 756
1522 756
1521 756
1521 757
1521 757
1521 758
1521 758
1520 758
1520 758
1520 758
1520 758
1521 759
1521 759
1521 759
1520 759
1520 760
1519 760
1519 760
1519 761
1519 761
1519 761
1519 761
1518 762
1518 762
1518 762
1518 762
1518 763
1517 763
1517 764
1517 764
1517 764
1517 764
1517 765
1516 765
1516 766
1516 766
1516 766
1516 767
1516 767
1516 767
1515 768
1515 768
1515 768
1515 768
1515 769
1515 769
1515 769
1514 770
1514 770
1514 770
1514 770
1514 771
1513 771
1513 772
1513 772
1513 773
1513 773
1513 774
1512 774
1512 775
1512 775
1512 775
1512 775
1511 776
1511 776
1511 776
1511 776
1511 777
1510 777
1510 778
1510 778
1510 779
1509 779
1509 779
1509 780
1509 780
1509 781
1509 781
1509 782
1509 782
1508 782
1508 782
1508 783
1508 783
1508 783
1508 784
1507 784
1507 785
1507 785
1507 785
1506 786
1506 786
1506 786
1506 786
1505 787
1505 787
1505 788
1505 788
1504 789
1504 789
1504 789
1504 790
1503 790
1503 791
1503 791
1503 791
1502 792
1502 792
1502 793
1502 793
1501 794
1501 794
1501 795
1501 795
1501 795
1501 796
1500 796
1500 797
1500 797
1500 798
1500 798
1500 799
1499 799
1499 799
1499 800
1499 800
1499 801
1498 801
1498 802
1498 802
1498 802
1498 803
1498 803
1498 804
1498 804
1497 805
1497 805
1497 806
1497 806
1496 806
1496 807
1496 807
1496 808
1495 808
1495 809
1495 809
1495 809
1494 810
1494 810
1494 811
1493 811
1493 811
1493 812
1493 812
1492 813
1492 813
1492 814
1492 814
1491 814
1491 815
1491 815
1490 816
1490 816
1490 816
1490 817
1489 817
1489 818
1489 818
1489 819
1488 819
1488 819
1488 820
1488 820
1487 821
1487 821
1487 822
1487 822
1487 822
1487 823
1486 823
1486 824
1486 824
1486 824
1486 824
1486 824
1485 825
1485 825
1485 825
1484 826
1484 826
1484 826
1484 827
1484 827
1484 828
1484 828
1484 829
1484 829
1483 829
1483 829
1483 829
1483 830
1482 830
1482 831
1482 831
1482 831
1482 831
1482 832
1481 832
1481 833
1481 833
1481 834
1480 834
1480 834
1480 835
1480 835
1479 836
1479 836
1479 837
1479 837
1478 837
1478 838
1478 838
1478 839
1477 839
1477 840
1477 840
1477 840
1476 841
1476 841
1476 842
1476 842
1475 843
1475 843
1475 843
1476 844
1476 844
1476 844
1476 844
1476 845
1476 845
1475 845
1475 845
1474 845
1474 846
1474 846
1474 846
1474 847
1473 847
1473 848
1473 848
1473 849
1472 849
1472 850
1472 850
1472 850
1472 851
1472 851
1472 852
1472 852
1472 852
1472 852
1471 852
1471 853
1470 853
1470 853
1470 853
1470 853
1470 854
1469 854
1469 855
1469 855
1469 856
1468 856
1468 857
1468 857
1468 857
1467 858
1467 858
1467 859
1467 859
1466 860
1466 860
1466 860
1466 861
1466 861
1465 862
1465 862
1465 863
1465 863
1464 864
1464 864
1464 864
1464 865
1463 865
1463 866
1463 866
1463 867
1462 867
1462 867
1462 868
1462 868
1462 869
1461 869
1461 870
1461 870
1461 871
1460 871
1460 871
1460 872
1460 872
1459 873
1459 873
1459 874
1459 874
1459 875
1458 875
1458 875
1458 876
1458 876
1457 877
1457 877
1457 878
1457 878
1456 878
1456 879
1456 879
1456 880
1455 880
1455 881
1455 881
1455 882
1455 882
1454 882
1454 883
1454 883
1454 884
1453 884
1453 885
1453 885
1453 885
1452 886
1452 886
1452 887
1452 887
1451 888
1451 888
1451 889
1451 889
1451 889
1450 890
1450 890
1450 891
1450 891
1449 892
1449 892
1449 892
1449 893
1448 893
1448 894
1448 894
1448 895
1447 895
1447 896
1447 896
1447 896
1447 897
1447 897
1447 897
1446 898
1446 898
1446 898
1446 899
1446 899
1446 899
1445 900
1445 900
1445 901
1445 901
1444 901
1444 902
1444 902
1443 903
1443 903
1443 903
1443 904
1443 904
1442 904
1442 905
1442 905
1442 905
1442 906
1441 906
1441 907
1441 907
1441 908
1440 908
1440 909
1440 909
1440 909
1439 910
1439 910
1439 911
1439 911
1438 912
1438 912
1438 912
1438 913
1437 913
1437 914
1437 914
1437 915
1436 915
1436 916
1436 916
1436 916
1436 917
1435 917
1435 918
1435 918
1435 919
1434 919
1434 919
1434 920
1434 920
1433 921
1433 921
1433 922
1433 922
1432 923
1432 923
1432 923
1432 924
1431 924
1431 925
1431 925
1431 926
1430 926
1430 926
1430 927
1430 927
1430 928
1429 928
1429 929
1429 929
1429 930
1428 930
1428 930
1428 931
1428 931
1427 932
1427 932
1427 933
1427 933
1426 933
1426 934
1426 934
1426 935
1425 935
1425 936
1425 936
1425 937
1424 937
1424 937
1424 938
1424 938
1423 939
1423 939
1423 940
1423 940
1423 940
1422 941
1422 941
1422 942
1422 942
1421 943
1421 943
1421 944
1421 944
1420 944
1420 945
1420 945
1420 946
1419 946
1419 947
1419 947
1419 947
1418 948
1418 948
1418 949
1418 949
1417 950
1417 950
1417 951
1417 951
1417 951
1416 952
1416 952
1416 953
1416 953
1415 954
1415 954
1415 954
1415 955
1414 955
1414 956
1414 956
1414 957
1413 957
1413 958
1413 958
1413 958
1412 959
1412 959
1412 960
1412 960
1411 961
1411 961
1411 961
1411 962
1411 962
1410 963
1410 963
1410 964
1410 964
1409 965
1409 965
1409 965
1409 966
1408 966
1408 967
1408 967
1408 968
1407 968
1407 968
1407 969
1407 969
1406 970
1406 970
1406 971
1406 971
1405 972
1405 972
1405 972
1405 973
1405 973
1404 974
1404 974
1404 975
1404 975
1403 975
1403 976
1403 976
1403 977
1402 977
1402 978
1402 978
1402 979
1401 979
1401 979
1401 980
1401 980
1400 981
1400 981
1400 982
1400 982
1399 982
1399 983
1399 983
1399 984
1398 984
1398 985
1398 985
1398 986
1398 986
1397 986
1397 987
1397 987
1397 988
1396 988
1396 989
1396 989
1396 989
1395 990
1395 990
1395 991
1395 991
1394 992
1394 992
1394 993
1394 993
1393 993
1393 994
1393 994
1393 995
1392 995
1392 996
1392 996
1392 996
1391 996
1391 996
1391 997
1390 997
1390 998
1390 998
1390 998
1390 998
1390 999
1390 999
1390 1000
1389 1000
1389 1001
1389 1001
1389 1002
1389 1002
1388 1002
1388 1003
1388 1003
1388 1003
1388 1003
1387 1004
1387 1004
1387 1004
1387 1005
1387 1005
1387 1005
1386 1006
1386 1006
1386 1006
1386 1006
1386 1007
1386 1007
1386 1008
1386 1008
1385 1008
1385 1009
1385 1009
1385 1010
1384 1010
1384 1010
1384 1011
1384 1011
1384 1011
1383 1012
1383 1012
1383 1012
1383 1013
1382 1013
1382 1013
1382 1014
1382 1014
1382 1014
1381 1015
1381 1015
1381 1015
1381 1016
1381 1016
1380 1016
1380 1017
1380 1017
1380 1018
1379 1018
1379 1018
1379 1019
1379 1019
1379 1020
1379 1020
1379 1020
1379 1020
1378 1021
1378 1021
1378 1021
1378 1022
1378 1022
1378 1022
1377 1021
1377 1021
1377 1022
1377 1022
1377 1023
1377 1023
1377 1023
1377 1024
1376 1024
1376 1025
1376 1025
1376 1025
1376 1025
1375 1026
1375 1026
1375 1026
1375 1027
1375 1027
1375 1027
1374 1028
1374 1028
1374 1028
1374 1028
1374 1028
1373 1028
1373 1029
1372 1029
1372 1029
1372 1029
1372 1030
1372 1030
1372 1030
1371 1031
1371 1031
1371 1031
1371 1031
1372 1031
1371 1031
1371 1032
1371 1032
1371 1032
1371 1032
1370 1033
1370 1033
1370 1033
1370 1034
1370 1034
1370 1034
1369 1035
1369 1035
1369 1035
1369 1035
1369 1035
1368 1036
1368 1036
1368 1036
1367 1037
1367 1037
1367 1037
1367 1038
1367 1038
1366 1038
1366 1039
1366 1039
1366 1040
1365 1040
1365 1041
1365 1041
1365 1041
1365 1041
1364 1042
1364 1042
1364 1042
1364 1043
1364 1043
1363 1043
1363 1044
1363 1044
1363 1044
1362 1045
1362 1045
1362 1045
1362 1046
1362 1046
1361 1046
1361 1047
1361 1047
1361 1048
1360 1048
1360 1048
1360 1049
1360 1049
1360 1049
1359 1050
1359 1050
1359 1051
1359 1051
1358 1051
1358 1052
1358 1052
1358 1053
1357 1053
1357 1054
1357 1054
1357 1054
1356 1055
1356 1055
1356 1056
1355 1056
1355 1056
1355 1057
1355 1057
1354 1058
1354 1058
1354 1059
1354 1059
1353 1059
1353 1060
1353 1060
1352 1061
1352 1061
1352 1061
1352 1062
1351 1062
1351 1063
1351 1063
1351 1064
1350 1064
1350 1064
1350 1065
1350 1065
1349 1066
1349 1066
1349 1066
1349 1066
1349 1067
1349 1067
1348 1068
1348 1068
1348 1068
1347 1069
1347 1069
1347 1069
1346 1070
1346 1070
1346 1070
1345 1071
1345 1071
1345 1071
1344 1072
1344 1072
1344 1073
1344 1073
1344 1073
1343 1074
1343 1074
1343 1074
1343 1074
1343 1075
1343 1075
1343 1076
1343 1076
1343 1076
1342 1077
1342 1077
1342 1078
1342 1078
1341 1078
1341 1079
1341 1079
1340 1080
1340 1080
1340 1080
1339 1081
1339 1081
1339 1082
1339 1082
1338 1082
1338 1083
1338 1083
1337 1084
1337 1084
1337 1084
1336 1085
1336 1085
1336 1086
1336 1086
1335 1086
1335 1087
1335 1087
1334 1088
1334 1088
1334 1088
1333 1089
1333 1089
1333 1090
1333 1090
1332 1090
1332 1091
1332 1091
1331 1092
1331 1092
1331 1092
1331 1092
1331 1092
1330 1093
1330 1093
1330 1093
1330 1093
1329 1093
1329 1093
1329 1094
1328 1094
1328 1094
1328 1095
1327 1095
1327 1096
1327 1096
1326 1096
1326 1096
1325 1097
1325 1097
1325 1098
1325 1098
1324 1098
1324 1099
1324 1099
1323 1100
1323 1100
1323 1100
1323 1100
1323 1100
1322 1101
1322 1101
1322 1101
1322 1101
1322 1102
1322 1102
1322 1103
1322 1103
1322 1103
1321 1104
1321 1104
1321 1104
1320 1105
1320 1105
1320 1106
1319 1106
1319 1106
1319 1107
1318 1107
1318 1107
1318 1108
1318 1108
1317 1108
1317 1109
1317 1109
1316 1109
1316 1110
1316 1110
1315 1111
1315 1111
1315 1111
1314 1112
1314 1112
1314 1112
1313 1111
1313 1111
1313 1111
1313 1112
1313 1112
1313 1112
1313 1113
1312 1113
1312 1114
1312 1114
1312 1114
1311 1113
1311 1113
1311 1114
1311 1114
1311 1114
1311 1115
1311 1115
1310 1115
1310 1116
1310 1116
1310 1116
1309 1117
1309 1117
1309 1117
1308 1118
1308 1118
1308 1119
1307 1119
1307 1119
1307 1120
1306 1120
1306 1120
1306 1121
1305 1121
1305 1122
1305 1122
1304 1122
1304 1123
1304 1123
1303 1123
1303 1124
1303 1124
1302 1125
1302 1125
1302 1125
1301 1126
1301 1126
1301 1126
1300 1127
1300 1127
1300 1128
1299 1128
1299 1128
1299 1129
1299 1129
1298 1129
1298 1130
1298 1130
1297 1131
1297 1131
1297 1131
1296 1132
1296 1132
1296 1132
1295 1133
1295 1133
1295 1134
1294 1134
1294 1134
1294 1135
1293 1135
1293 1135
1293 1136
1292 1136
1292 1137
1292 1137
1291 1137
1291 1138
1291 1138
1290 1138
1290 1139
1290 1139
1289 1140
1289 1140
1289 1140
1288 1141
1288 1141
1288 1141
1288 1142
1288 1142
1287 1143
1287 1143
1287 1144
1287 1144
1287 1144
1287 1144
1286 1144
1286 1144
1286 1144
1286 1144
1285 1145
1285 1145
1285 1146
1285 1146
1284 1146
1284 1147
1284 1147
1283 1147
1283 1148
1283 1148
1282 1148
1282 1148
1282 1148
1282 1148
1281 1149
1281 1149
1281 1149
1280 1149
1280 1150
1280 1150
1279 1150
1279 1150
1278 1150
1278 1150
1278 1150
1278 1150
1278 1151
1277 1151
1277 1152
1277 1152
1277 1152
1276 1152
1276 1153
1276 1153
1275 1153
1275 1153
1275 1153
1274 1154
1274 1154
1274 1154
1274 1154
1274 1155
1274 1155
1274 1155
1273 1155
1273 1155
1272 1155
1272 1155
1273 1156
1273 1156
1273 1156
1273 1156
1272 1156
1272 1156
1271 1156
1271 1156
1271 1156
1270 1157
1270 1157
1269 1157
1269 1157
1269 1158
1268 1158
1268 1158
1267 1158
1267 1159
1266 1159
1266 1159
1266 1160
1265 1160
1265 1160
1264 1160
1264 1161
1264 1161
1263 1161
1263 1162
1262 1162
1262 1162
1261 1162
1261 1163
1261 1163
1260 1163
1260 1163
1259 1164
1259 1164
1259 1164
1258 1164
1258 1164
1257 1164
1257 1164
1256 1164
1256 1165
1255 1165
1255 1165
1254 1165
1254 1166
1253 1166
1253 1166
1252 1166
1252 1166
1251 1166
1251 1166
1250 1166
1250 1166
1249 1166
1249 1167
1248 1167
1248 1167
1247 1167
1247 1167
1246 1167
1246 1167
1246 1167
1245 1167
1245 1167
1244 1167
1244 1167
1245 1168
1245 1168
1245 1168
1244 1168
1244 1168
1243 1168
1243 1168
1242 1168
1242 1168
1242 1168
1241 1168
1241 1168
1241 1168
1240 1167
1240 1167
1240 1167
1239 1167
1239 1167
1238 1167
1238 1167
1237 1167
1237 1166
1236 1166
1236 1166
1235 1166
1235 1166
1235 1166
1234 1166
1234 1166
1233 1165
1233 1165
1232 1165
1232 1165
1231 1165
1231 1165
1231 1164
1230 1164
1230 1164
1229 1164
1229 1164
1228 1164
1228 1163
1227 1163
1227 1163
1227 1163
1227 1163
1226 1162
1226 1162
1226 1162
1225 1162
1225 1162
1224 1162
1224 1162
1224 1162
1223 1161
1223 1161
1223 1161
1222 1161
1222 1161
1222 1161
1222 1161
1221 1160
1221 1160
1221 1160
1221 1159
1220 1159
1220 1159
1220 1158
1220 1158
1219 1158
1219 1157
1219 1157
1219 1157
1218 1156
1218 1156
1218 1156
1218 1156
1218 1156
1217 1155
1217 1155
1217 1155
1217 1154
1216 1154
1216 1154
1216 1154
1216 1153
1215 1153
1215 1152
1215 1152
1215 1151
1214 1151
1214 1151
1214 1150
1214 1150
1213 1149
1213 1149
1213 1148
1213 1148
1212 1148
1212 1147
1212 1147
1212 1146
1211 1146
1211 1145
1211 1145
1211 1144
1211 1144
1212 1144
1211 1144
1211 1144
1211 1143
1211 1143
1211 1143
1210 1142
1210 1142
1210 1142
1210 1141
1210 1141
1209 1141
1209 1140
1209 1140
1209 1140
1208 1139
1208 1139
1208 1139
1207 1138
1207 1138
1207 1138
1207 1138
1207 1137
1206 1137
1206 1136
1206 1136
1206 1135
1206 1135
1205 1134
1205 1134
1205 1134
1205 1133
1205 1133
1204 1132
1204 1132
1204 1131
1204 1131
1203 1130
1203 1130
1203 1129
1203 1129
1203 1129
1202 1128
1202 1128
1202 1127
1202 1127
1202 1126
1201 1126
1201 1125
1201 1125
1201 1124
1201 1124
1201 1124
1201 1123
1201 1123
1201 1123
1201 1122
1200 1122
1200 1121
1200 1121
1200 1121
1200 1121
1200 1120
1200 1120
1200 1119
1200 1119
1200 1119
1200 1118
1200 1118
1200 1117
1199 1117
1199 1116
1199 1116
1199 1115
1199 1115
1199 1115
1199 1115
1199 1115
1198 1114
1198 1114
1198 1114
1198 1114
1198 1114
1198 1114
1198 1113
1198 1113
1198 1112
1197 1112
1197 1111
1197 1111
1197 1110
1197 1110
1197 1109
1197 1109
1197 1108
1197 1108
1196 1107
1196 1107
1196 1106
1196 1106
1196 1105
1196 1105
1196 1104
1196 1104
1196 1104
1195 1103
1195 1103
1195 1102
1195 1102
1195 1101
1195 1101
1195 1100
1195 1100
1194 1099
1194 1099
1194 1098
1194 1098
1194 1097
1194 1097
1194 1096
1194 1096
1194 1095
1193 1095
1193 1094
1193 1094
1193 1093
1193 1093
1193 1093
1193 1093
1193 1092
1193 1092
1193 1091
1192 1091
1192 1090
1192 1090
1192 1089
1192 1089
1192 1088
1192 1088
1192 1087
1191 1087
1191 1086
1191 1086
1191 1085
1191 1085
1191 1084
1191 1084
1191 1084
1190 1083
1190 1083
1190 1082
1190 1082
1190 1081
1190 1081
1190 1080
1190 1080
1189 1079
1189 1079
1189 1078
1189 1078
1189 1077
1189 1077
1189 1076
1189 1076
1188 1075
1188 1075
1188 1074
1188 1074
1188 1074
1188 1073
1188 1073
1188 1073
1187 1072
1187 1072
1187 1072
1187 1072
1187 1072
1187 1071
1187 1071
1187 1070
1187 1070
1187 1069
1187 1069
1187 1069
1186 1068
1186 1068
1186 1068
1186 1067
1186 1067
1186 1066
1186 1066
1186 1065
1186 1065
1185 1065
1185 1065
1185 1064
1185 1064
1185 1063
1185 1063
1185 1062
1185 1062
1185 1061
1184 1061
1184 1061
1184 1060
1184 1060
1184 1059
1184 1059
1184 1058
1184 1057
1184 1057
